Thuật toán: Breadth-First Search
Thời gian thực thi: 2.565 giây
Số bước: 23
Số nodes đã thăm: 136364

Đường đi:

Bước 0:
[2, 6, 5]
[0, 8, 7]
[4, 3, 1]

Bước 1:
[2, 6, 5]
[4, 8, 7]
[0, 3, 1]

Bước 2:
[2, 6, 5]
[4, 8, 7]
[3, 0, 1]

Bước 3:
[2, 6, 5]
[4, 8, 7]
[3, 1, 0]

Bước 4:
[2, 6, 5]
[4, 8, 0]
[3, 1, 7]

Bước 5:
[2, 6, 5]
[4, 0, 8]
[3, 1, 7]

Bước 6:
[2, 6, 5]
[4, 1, 8]
[3, 0, 7]

Bước 7:
[2, 6, 5]
[4, 1, 8]
[0, 3, 7]

Bước 8:
[2, 6, 5]
[0, 1, 8]
[4, 3, 7]

Bước 9:
[2, 6, 5]
[1, 0, 8]
[4, 3, 7]

Bước 10:
[2, 6, 5]
[1, 3, 8]
[4, 0, 7]

Bước 11:
[2, 6, 5]
[1, 3, 8]
[4, 7, 0]

Bước 12:
[2, 6, 5]
[1, 3, 0]
[4, 7, 8]

Bước 13:
[2, 6, 0]
[1, 3, 5]
[4, 7, 8]

Bước 14:
[2, 0, 6]
[1, 3, 5]
[4, 7, 8]

Bước 15:
[2, 3, 6]
[1, 0, 5]
[4, 7, 8]

Bước 16:
[2, 3, 6]
[1, 5, 0]
[4, 7, 8]

Bước 17:
[2, 3, 0]
[1, 5, 6]
[4, 7, 8]

Bước 18:
[2, 0, 3]
[1, 5, 6]
[4, 7, 8]

Bước 19:
[0, 2, 3]
[1, 5, 6]
[4, 7, 8]

Bước 20:
[1, 2, 3]
[0, 5, 6]
[4, 7, 8]

Bước 21:
[1, 2, 3]
[4, 5, 6]
[0, 7, 8]

Bước 22:
[1, 2, 3]
[4, 5, 6]
[7, 0, 8]

Bước 23:
[1, 2, 3]
[4, 5, 6]
[7, 8, 0]
