Thuật toán: DFS
Thời gian thực thi: 0.594 giây
Số bước: 45
Số nodes đã thăm: 55708

Đường đi:

Bước 0:
[2, 6, 5]
[0, 8, 7]
[4, 3, 1]

Bước 1:
[2, 6, 5]
[8, 0, 7]
[4, 3, 1]

Bước 2:
[2, 6, 5]
[8, 7, 0]
[4, 3, 1]

Bước 3:
[2, 6, 5]
[8, 7, 1]
[4, 3, 0]

Bước 4:
[2, 6, 5]
[8, 7, 1]
[4, 0, 3]

Bước 5:
[2, 6, 5]
[8, 7, 1]
[0, 4, 3]

Bước 6:
[2, 6, 5]
[0, 7, 1]
[8, 4, 3]

Bước 7:
[2, 6, 5]
[7, 0, 1]
[8, 4, 3]

Bước 8:
[2, 6, 5]
[7, 1, 0]
[8, 4, 3]

Bước 9:
[2, 6, 5]
[7, 1, 3]
[8, 4, 0]

Bước 10:
[2, 6, 5]
[7, 1, 3]
[8, 0, 4]

Bước 11:
[2, 6, 5]
[7, 1, 3]
[0, 8, 4]

Bước 12:
[2, 6, 5]
[0, 1, 3]
[7, 8, 4]

Bước 13:
[2, 6, 5]
[1, 0, 3]
[7, 8, 4]

Bước 14:
[2, 6, 5]
[1, 3, 0]
[7, 8, 4]

Bước 15:
[2, 6, 0]
[1, 3, 5]
[7, 8, 4]

Bước 16:
[2, 0, 6]
[1, 3, 5]
[7, 8, 4]

Bước 17:
[0, 2, 6]
[1, 3, 5]
[7, 8, 4]

Bước 18:
[1, 2, 6]
[0, 3, 5]
[7, 8, 4]

Bước 19:
[1, 2, 6]
[3, 0, 5]
[7, 8, 4]

Bước 20:
[1, 2, 6]
[3, 5, 0]
[7, 8, 4]

Bước 21:
[1, 2, 0]
[3, 5, 6]
[7, 8, 4]

Bước 22:
[1, 0, 2]
[3, 5, 6]
[7, 8, 4]

Bước 23:
[1, 5, 2]
[3, 0, 6]
[7, 8, 4]

Bước 24:
[1, 5, 2]
[3, 8, 6]
[7, 0, 4]

Bước 25:
[1, 5, 2]
[3, 8, 6]
[0, 7, 4]

Bước 26:
[1, 5, 2]
[0, 8, 6]
[3, 7, 4]

Bước 27:
[1, 5, 2]
[8, 0, 6]
[3, 7, 4]

Bước 28:
[1, 5, 2]
[8, 7, 6]
[3, 0, 4]

Bước 29:
[1, 5, 2]
[8, 7, 6]
[0, 3, 4]

Bước 30:
[1, 5, 2]
[0, 7, 6]
[8, 3, 4]

Bước 31:
[1, 5, 2]
[7, 0, 6]
[8, 3, 4]

Bước 32:
[1, 5, 2]
[7, 6, 0]
[8, 3, 4]

Bước 33:
[1, 5, 2]
[7, 6, 4]
[8, 3, 0]

Bước 34:
[1, 5, 2]
[7, 6, 4]
[8, 0, 3]

Bước 35:
[1, 5, 2]
[7, 0, 4]
[8, 6, 3]

Bước 36:
[1, 5, 2]
[7, 4, 0]
[8, 6, 3]

Bước 37:
[1, 5, 2]
[7, 4, 3]
[8, 6, 0]

Bước 38:
[1, 5, 2]
[7, 4, 3]
[8, 0, 6]

Bước 39:
[1, 5, 2]
[7, 4, 3]
[0, 8, 6]

Bước 40:
[1, 5, 2]
[0, 4, 3]
[7, 8, 6]

Bước 41:
[1, 5, 2]
[4, 0, 3]
[7, 8, 6]

Bước 42:
[1, 0, 2]
[4, 5, 3]
[7, 8, 6]

Bước 43:
[1, 2, 0]
[4, 5, 3]
[7, 8, 6]

Bước 44:
[1, 2, 3]
[4, 5, 0]
[7, 8, 6]

Bước 45:
[1, 2, 3]
[4, 5, 6]
[7, 8, 0]
