Thuật toán: IDS
Thời gian thực thi: 1.634 giây
Số bước: 27
Số nodes đã thăm: 146984

Đường đi:

Bước 0:
[2, 6, 5]
[0, 8, 7]
[4, 3, 1]

Bước 1:
[0, 6, 5]
[2, 8, 7]
[4, 3, 1]

Bước 2:
[6, 0, 5]
[2, 8, 7]
[4, 3, 1]

Bước 3:
[6, 8, 5]
[2, 0, 7]
[4, 3, 1]

Bước 4:
[6, 8, 5]
[2, 3, 7]
[4, 0, 1]

Bước 5:
[6, 8, 5]
[2, 3, 7]
[4, 1, 0]

Bước 6:
[6, 8, 5]
[2, 3, 0]
[4, 1, 7]

Bước 7:
[6, 8, 0]
[2, 3, 5]
[4, 1, 7]

Bước 8:
[6, 0, 8]
[2, 3, 5]
[4, 1, 7]

Bước 9:
[6, 3, 8]
[2, 0, 5]
[4, 1, 7]

Bước 10:
[6, 3, 8]
[2, 1, 5]
[4, 0, 7]

Bước 11:
[6, 3, 8]
[2, 1, 5]
[4, 7, 0]

Bước 12:
[6, 3, 8]
[2, 1, 0]
[4, 7, 5]

Bước 13:
[6, 3, 0]
[2, 1, 8]
[4, 7, 5]

Bước 14:
[6, 0, 3]
[2, 1, 8]
[4, 7, 5]

Bước 15:
[6, 1, 3]
[2, 0, 8]
[4, 7, 5]

Bước 16:
[6, 1, 3]
[0, 2, 8]
[4, 7, 5]

Bước 17:
[0, 1, 3]
[6, 2, 8]
[4, 7, 5]

Bước 18:
[1, 0, 3]
[6, 2, 8]
[4, 7, 5]

Bước 19:
[1, 2, 3]
[6, 0, 8]
[4, 7, 5]

Bước 20:
[1, 2, 3]
[0, 6, 8]
[4, 7, 5]

Bước 21:
[1, 2, 3]
[4, 6, 8]
[0, 7, 5]

Bước 22:
[1, 2, 3]
[4, 6, 8]
[7, 0, 5]

Bước 23:
[1, 2, 3]
[4, 6, 8]
[7, 5, 0]

Bước 24:
[1, 2, 3]
[4, 6, 0]
[7, 5, 8]

Bước 25:
[1, 2, 3]
[4, 0, 6]
[7, 5, 8]

Bước 26:
[1, 2, 3]
[4, 5, 6]
[7, 0, 8]

Bước 27:
[1, 2, 3]
[4, 5, 6]
[7, 8, 0]
