Thuật toán: Beam Search
Thời gian thực thi: 0.005 giây
Số bước: 43
Số nodes đã thăm: 215

Đường đi:

Bước 0:
[2, 6, 5]
[0, 8, 7]
[4, 3, 1]

Bước 1:
[2, 6, 5]
[4, 8, 7]
[0, 3, 1]

Bước 2:
[2, 6, 5]
[4, 8, 7]
[3, 0, 1]

Bước 3:
[2, 6, 5]
[4, 0, 7]
[3, 8, 1]

Bước 4:
[2, 6, 5]
[4, 7, 0]
[3, 8, 1]

Bước 5:
[2, 6, 0]
[4, 7, 5]
[3, 8, 1]

Bước 6:
[2, 0, 6]
[4, 7, 5]
[3, 8, 1]

Bước 7:
[0, 2, 6]
[4, 7, 5]
[3, 8, 1]

Bước 8:
[4, 2, 6]
[0, 7, 5]
[3, 8, 1]

Bước 9:
[4, 2, 6]
[3, 7, 5]
[0, 8, 1]

Bước 10:
[4, 2, 6]
[3, 7, 5]
[8, 0, 1]

Bước 11:
[4, 2, 6]
[3, 0, 5]
[8, 7, 1]

Bước 12:
[4, 2, 6]
[0, 3, 5]
[8, 7, 1]

Bước 13:
[0, 2, 6]
[4, 3, 5]
[8, 7, 1]

Bước 14:
[2, 0, 6]
[4, 3, 5]
[8, 7, 1]

Bước 15:
[2, 3, 6]
[4, 0, 5]
[8, 7, 1]

Bước 16:
[2, 3, 6]
[4, 5, 0]
[8, 7, 1]

Bước 17:
[2, 3, 0]
[4, 5, 6]
[8, 7, 1]

Bước 18:
[2, 0, 3]
[4, 5, 6]
[8, 7, 1]

Bước 19:
[0, 2, 3]
[4, 5, 6]
[8, 7, 1]

Bước 20:
[4, 2, 3]
[0, 5, 6]
[8, 7, 1]

Bước 21:
[4, 2, 3]
[8, 5, 6]
[0, 7, 1]

Bước 22:
[4, 2, 3]
[8, 5, 6]
[7, 0, 1]

Bước 23:
[4, 2, 3]
[8, 0, 6]
[7, 5, 1]

Bước 24:
[4, 2, 3]
[0, 8, 6]
[7, 5, 1]

Bước 25:
[0, 2, 3]
[4, 8, 6]
[7, 5, 1]

Bước 26:
[2, 0, 3]
[4, 8, 6]
[7, 5, 1]

Bước 27:
[2, 8, 3]
[4, 0, 6]
[7, 5, 1]

Bước 28:
[2, 8, 3]
[4, 5, 6]
[7, 0, 1]

Bước 29:
[2, 8, 3]
[4, 5, 6]
[7, 1, 0]

Bước 30:
[2, 8, 3]
[4, 5, 0]
[7, 1, 6]

Bước 31:
[2, 8, 3]
[4, 0, 5]
[7, 1, 6]

Bước 32:
[2, 8, 3]
[4, 1, 5]
[7, 0, 6]

Bước 33:
[2, 8, 3]
[4, 1, 5]
[0, 7, 6]

Bước 34:
[2, 8, 3]
[0, 1, 5]
[4, 7, 6]

Bước 35:
[2, 8, 3]
[1, 0, 5]
[4, 7, 6]

Bước 36:
[2, 0, 3]
[1, 8, 5]
[4, 7, 6]

Bước 37:
[0, 2, 3]
[1, 8, 5]
[4, 7, 6]

Bước 38:
[1, 2, 3]
[0, 8, 5]
[4, 7, 6]

Bước 39:
[1, 2, 3]
[4, 8, 5]
[0, 7, 6]

Bước 40:
[1, 2, 3]
[4, 8, 5]
[7, 0, 6]

Bước 41:
[1, 2, 3]
[4, 0, 5]
[7, 8, 6]

Bước 42:
[1, 2, 3]
[4, 5, 0]
[7, 8, 6]

Bước 43:
[1, 2, 3]
[4, 5, 6]
[7, 8, 0]
