Thuật toán: Breadth-First Search
Thời gian thực thi: 0.039 giây
Số bước: 12
Số nodes đã thăm: 2860

Đường đi:

Bước 0:
[1, 2, 3]
[4, 5, 7]
[8, 6, 0]

Bước 1:
[1, 2, 3]
[4, 5, 7]
[8, 0, 6]

Bước 2:
[1, 2, 3]
[4, 5, 7]
[0, 8, 6]

Bước 3:
[1, 2, 3]
[0, 5, 7]
[4, 8, 6]

Bước 4:
[1, 2, 3]
[5, 0, 7]
[4, 8, 6]

Bước 5:
[1, 2, 3]
[5, 7, 0]
[4, 8, 6]

Bước 6:
[1, 2, 3]
[5, 7, 6]
[4, 8, 0]

Bước 7:
[1, 2, 3]
[5, 7, 6]
[4, 0, 8]

Bước 8:
[1, 2, 3]
[5, 0, 6]
[4, 7, 8]

Bước 9:
[1, 2, 3]
[0, 5, 6]
[4, 7, 8]

Bước 10:
[1, 2, 3]
[4, 5, 6]
[0, 7, 8]

Bước 11:
[1, 2, 3]
[4, 5, 6]
[7, 0, 8]

Bước 12:
[1, 2, 3]
[4, 5, 6]
[7, 8, 0]
