Thuật toán: Breadth-First Search
Thời gian thực thi: 0.484 giây
Số bước: 18
Số nodes đã thăm: 36010

Đường đi:

Bước 0:
[1, 2, 5]
[4, 6, 7]
[8, 3, 0]

Bước 1:
[1, 2, 5]
[4, 6, 7]
[8, 0, 3]

Bước 2:
[1, 2, 5]
[4, 0, 7]
[8, 6, 3]

Bước 3:
[1, 2, 5]
[4, 7, 0]
[8, 6, 3]

Bước 4:
[1, 2, 0]
[4, 7, 5]
[8, 6, 3]

Bước 5:
[1, 0, 2]
[4, 7, 5]
[8, 6, 3]

Bước 6:
[0, 1, 2]
[4, 7, 5]
[8, 6, 3]

Bước 7:
[4, 1, 2]
[0, 7, 5]
[8, 6, 3]

Bước 8:
[4, 1, 2]
[7, 0, 5]
[8, 6, 3]

Bước 9:
[4, 1, 2]
[7, 5, 0]
[8, 6, 3]

Bước 10:
[4, 1, 2]
[7, 5, 3]
[8, 6, 0]

Bước 11:
[4, 1, 2]
[7, 5, 3]
[8, 0, 6]

Bước 12:
[4, 1, 2]
[7, 5, 3]
[0, 8, 6]

Bước 13:
[4, 1, 2]
[0, 5, 3]
[7, 8, 6]

Bước 14:
[0, 1, 2]
[4, 5, 3]
[7, 8, 6]

Bước 15:
[1, 0, 2]
[4, 5, 3]
[7, 8, 6]

Bước 16:
[1, 2, 0]
[4, 5, 3]
[7, 8, 6]

Bước 17:
[1, 2, 3]
[4, 5, 0]
[7, 8, 6]

Bước 18:
[1, 2, 3]
[4, 5, 6]
[7, 8, 0]
