Thuật toán: Breadth-First Search
Thời gian thực thi: 0.350 giây
Số bước: 17
Số nodes đã thăm: 28225

Đường đi:

Bước 0:
[1, 2, 4]
[5, 3, 0]
[6, 7, 8]

Bước 1:
[1, 2, 4]
[5, 0, 3]
[6, 7, 8]

Bước 2:
[1, 2, 4]
[0, 5, 3]
[6, 7, 8]

Bước 3:
[1, 2, 4]
[6, 5, 3]
[0, 7, 8]

Bước 4:
[1, 2, 4]
[6, 5, 3]
[7, 0, 8]

Bước 5:
[1, 2, 4]
[6, 0, 3]
[7, 5, 8]

Bước 6:
[1, 2, 4]
[0, 6, 3]
[7, 5, 8]

Bước 7:
[0, 2, 4]
[1, 6, 3]
[7, 5, 8]

Bước 8:
[2, 0, 4]
[1, 6, 3]
[7, 5, 8]

Bước 9:
[2, 4, 0]
[1, 6, 3]
[7, 5, 8]

Bước 10:
[2, 4, 3]
[1, 6, 0]
[7, 5, 8]

Bước 11:
[2, 4, 3]
[1, 0, 6]
[7, 5, 8]

Bước 12:
[2, 0, 3]
[1, 4, 6]
[7, 5, 8]

Bước 13:
[0, 2, 3]
[1, 4, 6]
[7, 5, 8]

Bước 14:
[1, 2, 3]
[0, 4, 6]
[7, 5, 8]

Bước 15:
[1, 2, 3]
[4, 0, 6]
[7, 5, 8]

Bước 16:
[1, 2, 3]
[4, 5, 6]
[7, 0, 8]

Bước 17:
[1, 2, 3]
[4, 5, 6]
[0, 7, 8]
