Thuật toán: Breadth-First Search
Thời gian thực thi: 0.064 giây
Số bước: 13
Số nodes đã thăm: 4299

Đường đi:

Bước 0:
[1, 2, 3]
[4, 5, 0]
[6, 7, 8]

Bước 1:
[1, 2, 3]
[4, 5, 8]
[6, 7, 0]

Bước 2:
[1, 2, 3]
[4, 5, 8]
[6, 0, 7]

Bước 3:
[1, 2, 3]
[4, 5, 8]
[0, 6, 7]

Bước 4:
[1, 2, 3]
[0, 5, 8]
[4, 6, 7]

Bước 5:
[1, 2, 3]
[5, 0, 8]
[4, 6, 7]

Bước 6:
[1, 2, 3]
[5, 6, 8]
[4, 0, 7]

Bước 7:
[1, 2, 3]
[5, 6, 8]
[4, 7, 0]

Bước 8:
[1, 2, 3]
[5, 6, 0]
[4, 7, 8]

Bước 9:
[1, 2, 3]
[5, 0, 6]
[4, 7, 8]

Bước 10:
[1, 2, 3]
[0, 5, 6]
[4, 7, 8]

Bước 11:
[1, 2, 3]
[4, 5, 6]
[0, 7, 8]

Bước 12:
[1, 2, 3]
[4, 5, 6]
[7, 0, 8]

Bước 13:
[1, 2, 3]
[4, 5, 6]
[7, 8, 0]
