Thuật toán: DFS
Thời gian thực thi: 0.001 giây
Số bước: 27
Số nodes đã thăm: 53

Đường đi:

Bước 0:
[1, 2, 3]
[0, 5, 6]
[4, 7, 8]

Bước 1:
[1, 2, 3]
[5, 0, 6]
[4, 7, 8]

Bước 2:
[1, 2, 3]
[5, 6, 0]
[4, 7, 8]

Bước 3:
[1, 2, 3]
[5, 6, 8]
[4, 7, 0]

Bước 4:
[1, 2, 3]
[5, 6, 8]
[4, 0, 7]

Bước 5:
[1, 2, 3]
[5, 6, 8]
[0, 4, 7]

Bước 6:
[1, 2, 3]
[0, 6, 8]
[5, 4, 7]

Bước 7:
[1, 2, 3]
[6, 0, 8]
[5, 4, 7]

Bước 8:
[1, 2, 3]
[6, 8, 0]
[5, 4, 7]

Bước 9:
[1, 2, 3]
[6, 8, 7]
[5, 4, 0]

Bước 10:
[1, 2, 3]
[6, 8, 7]
[5, 0, 4]

Bước 11:
[1, 2, 3]
[6, 8, 7]
[0, 5, 4]

Bước 12:
[1, 2, 3]
[0, 8, 7]
[6, 5, 4]

Bước 13:
[1, 2, 3]
[8, 0, 7]
[6, 5, 4]

Bước 14:
[1, 2, 3]
[8, 7, 0]
[6, 5, 4]

Bước 15:
[1, 2, 3]
[8, 7, 4]
[6, 5, 0]

Bước 16:
[1, 2, 3]
[8, 7, 4]
[6, 0, 5]

Bước 17:
[1, 2, 3]
[8, 7, 4]
[0, 6, 5]

Bước 18:
[1, 2, 3]
[0, 7, 4]
[8, 6, 5]

Bước 19:
[1, 2, 3]
[7, 0, 4]
[8, 6, 5]

Bước 20:
[1, 2, 3]
[7, 4, 0]
[8, 6, 5]

Bước 21:
[1, 2, 3]
[7, 4, 5]
[8, 6, 0]

Bước 22:
[1, 2, 3]
[7, 4, 5]
[8, 0, 6]

Bước 23:
[1, 2, 3]
[7, 4, 5]
[0, 8, 6]

Bước 24:
[1, 2, 3]
[0, 4, 5]
[7, 8, 6]

Bước 25:
[1, 2, 3]
[4, 0, 5]
[7, 8, 6]

Bước 26:
[1, 2, 3]
[4, 5, 0]
[7, 8, 6]

Bước 27:
[1, 2, 3]
[4, 5, 6]
[7, 8, 0]
