Thuật toán: DFS
Thời gian thực thi: 0.002 giây
Số bước: 47
Số nodes đã thăm: 197

Đường đi:

Bước 0:
[1, 2, 3]
[4, 5, 0]
[6, 7, 8]

Bước 1:
[1, 2, 3]
[4, 0, 5]
[6, 7, 8]

Bước 2:
[1, 2, 3]
[0, 4, 5]
[6, 7, 8]

Bước 3:
[1, 2, 3]
[6, 4, 5]
[0, 7, 8]

Bước 4:
[1, 2, 3]
[6, 4, 5]
[7, 0, 8]

Bước 5:
[1, 2, 3]
[6, 4, 5]
[7, 8, 0]

Bước 6:
[1, 2, 3]
[6, 4, 0]
[7, 8, 5]

Bước 7:
[1, 2, 3]
[6, 0, 4]
[7, 8, 5]

Bước 8:
[1, 2, 3]
[0, 6, 4]
[7, 8, 5]

Bước 9:
[1, 2, 3]
[7, 6, 4]
[0, 8, 5]

Bước 10:
[1, 2, 3]
[7, 6, 4]
[8, 0, 5]

Bước 11:
[1, 2, 3]
[7, 6, 4]
[8, 5, 0]

Bước 12:
[1, 2, 3]
[7, 6, 0]
[8, 5, 4]

Bước 13:
[1, 2, 3]
[7, 0, 6]
[8, 5, 4]

Bước 14:
[1, 2, 3]
[0, 7, 6]
[8, 5, 4]

Bước 15:
[1, 2, 3]
[8, 7, 6]
[0, 5, 4]

Bước 16:
[1, 2, 3]
[8, 7, 6]
[5, 0, 4]

Bước 17:
[1, 2, 3]
[8, 7, 6]
[5, 4, 0]

Bước 18:
[1, 2, 3]
[8, 7, 0]
[5, 4, 6]

Bước 19:
[1, 2, 3]
[8, 0, 7]
[5, 4, 6]

Bước 20:
[1, 2, 3]
[0, 8, 7]
[5, 4, 6]

Bước 21:
[1, 2, 3]
[5, 8, 7]
[0, 4, 6]

Bước 22:
[1, 2, 3]
[5, 8, 7]
[4, 0, 6]

Bước 23:
[1, 2, 3]
[5, 8, 7]
[4, 6, 0]

Bước 24:
[1, 2, 3]
[5, 8, 0]
[4, 6, 7]

Bước 25:
[1, 2, 3]
[5, 0, 8]
[4, 6, 7]

Bước 26:
[1, 2, 3]
[0, 5, 8]
[4, 6, 7]

Bước 27:
[1, 2, 3]
[4, 5, 8]
[0, 6, 7]

Bước 28:
[1, 2, 3]
[4, 5, 8]
[6, 0, 7]

Bước 29:
[1, 2, 3]
[4, 0, 8]
[6, 5, 7]

Bước 30:
[1, 2, 3]
[4, 8, 0]
[6, 5, 7]

Bước 31:
[1, 2, 3]
[4, 8, 7]
[6, 5, 0]

Bước 32:
[1, 2, 3]
[4, 8, 7]
[6, 0, 5]

Bước 33:
[1, 2, 3]
[4, 8, 7]
[0, 6, 5]

Bước 34:
[1, 2, 3]
[0, 8, 7]
[4, 6, 5]

Bước 35:
[1, 2, 3]
[8, 0, 7]
[4, 6, 5]

Bước 36:
[1, 2, 3]
[8, 7, 0]
[4, 6, 5]

Bước 37:
[1, 2, 3]
[8, 7, 5]
[4, 6, 0]

Bước 38:
[1, 2, 3]
[8, 7, 5]
[4, 0, 6]

Bước 39:
[1, 2, 3]
[8, 7, 5]
[0, 4, 6]

Bước 40:
[1, 2, 3]
[0, 7, 5]
[8, 4, 6]

Bước 41:
[1, 2, 3]
[7, 0, 5]
[8, 4, 6]

Bước 42:
[1, 2, 3]
[7, 4, 5]
[8, 0, 6]

Bước 43:
[1, 2, 3]
[7, 4, 5]
[0, 8, 6]

Bước 44:
[1, 2, 3]
[0, 4, 5]
[7, 8, 6]

Bước 45:
[1, 2, 3]
[4, 0, 5]
[7, 8, 6]

Bước 46:
[1, 2, 3]
[4, 5, 0]
[7, 8, 6]

Bước 47:
[1, 2, 3]
[4, 5, 6]
[7, 8, 0]
