Thuật toán: Genetic Algorithm
Thời gian thực thi: 2.226 giây
Số bước: 25
Số nodes đã thăm: 7940

Đường đi:

Bước 0:
[2, 6, 5]
[0, 8, 7]
[4, 3, 1]

Bước 1:
[2, 6, 5]
[8, 0, 7]
[4, 3, 1]

Bước 2:
[2, 6, 5]
[8, 3, 7]
[4, 0, 1]

Bước 3:
[2, 6, 5]
[8, 3, 7]
[4, 1, 0]

Bước 4:
[2, 6, 5]
[8, 3, 0]
[4, 1, 7]

Bước 5:
[2, 6, 0]
[8, 3, 5]
[4, 1, 7]

Bước 6:
[2, 0, 6]
[8, 3, 5]
[4, 1, 7]

Bước 7:
[2, 3, 6]
[8, 0, 5]
[4, 1, 7]

Bước 8:
[2, 3, 6]
[0, 8, 5]
[4, 1, 7]

Bước 9:
[2, 3, 6]
[4, 8, 5]
[0, 1, 7]

Bước 10:
[2, 3, 6]
[4, 8, 5]
[1, 0, 7]

Bước 11:
[2, 3, 6]
[4, 8, 5]
[1, 7, 0]

Bước 12:
[2, 3, 6]
[4, 8, 0]
[1, 7, 5]

Bước 13:
[2, 3, 6]
[4, 0, 8]
[1, 7, 5]

Bước 14:
[2, 3, 6]
[0, 4, 8]
[1, 7, 5]

Bước 15:
[2, 3, 6]
[1, 4, 8]
[0, 7, 5]

Bước 16:
[2, 3, 6]
[1, 4, 8]
[7, 0, 5]

Bước 17:
[2, 3, 6]
[1, 4, 8]
[7, 5, 0]

Bước 18:
[2, 3, 6]
[1, 4, 0]
[7, 5, 8]

Bước 19:
[2, 3, 0]
[1, 4, 6]
[7, 5, 8]

Bước 20:
[2, 0, 3]
[1, 4, 6]
[7, 5, 8]

Bước 21:
[0, 2, 3]
[1, 4, 6]
[7, 5, 8]

Bước 22:
[1, 2, 3]
[0, 4, 6]
[7, 5, 8]

Bước 23:
[1, 2, 3]
[4, 0, 6]
[7, 5, 8]

Bước 24:
[1, 2, 3]
[4, 5, 6]
[7, 0, 8]

Bước 25:
[1, 2, 3]
[4, 5, 6]
[7, 8, 0]
