Thuật toán: Greedy Best-First
Thời gian thực thi: 0.009 giây
Số bước: 49
Số nodes đã thăm: 189

Đường đi:

Bước 0:
[2, 6, 5]
[0, 8, 7]
[4, 3, 1]

Bước 1:
[2, 6, 5]
[4, 8, 7]
[0, 3, 1]

Bước 2:
[2, 6, 5]
[4, 8, 7]
[3, 0, 1]

Bước 3:
[2, 6, 5]
[4, 0, 7]
[3, 8, 1]

Bước 4:
[2, 6, 5]
[4, 7, 0]
[3, 8, 1]

Bước 5:
[2, 6, 0]
[4, 7, 5]
[3, 8, 1]

Bước 6:
[2, 0, 6]
[4, 7, 5]
[3, 8, 1]

Bước 7:
[0, 2, 6]
[4, 7, 5]
[3, 8, 1]

Bước 8:
[4, 2, 6]
[0, 7, 5]
[3, 8, 1]

Bước 9:
[4, 2, 6]
[7, 0, 5]
[3, 8, 1]

Bước 10:
[4, 2, 6]
[7, 5, 0]
[3, 8, 1]

Bước 11:
[4, 2, 6]
[7, 5, 1]
[3, 8, 0]

Bước 12:
[4, 2, 6]
[7, 5, 1]
[3, 0, 8]

Bước 13:
[4, 2, 6]
[7, 5, 1]
[0, 3, 8]

Bước 14:
[4, 2, 6]
[0, 5, 1]
[7, 3, 8]

Bước 15:
[4, 2, 6]
[5, 0, 1]
[7, 3, 8]

Bước 16:
[4, 2, 6]
[5, 3, 1]
[7, 0, 8]

Bước 17:
[4, 2, 6]
[5, 3, 1]
[7, 8, 0]

Bước 18:
[4, 2, 6]
[5, 3, 0]
[7, 8, 1]

Bước 19:
[4, 2, 6]
[5, 0, 3]
[7, 8, 1]

Bước 20:
[4, 2, 6]
[0, 5, 3]
[7, 8, 1]

Bước 21:
[0, 2, 6]
[4, 5, 3]
[7, 8, 1]

Bước 22:
[2, 0, 6]
[4, 5, 3]
[7, 8, 1]

Bước 23:
[2, 6, 0]
[4, 5, 3]
[7, 8, 1]

Bước 24:
[2, 6, 3]
[4, 5, 0]
[7, 8, 1]

Bước 25:
[2, 6, 3]
[4, 5, 1]
[7, 8, 0]

Bước 26:
[2, 6, 3]
[4, 5, 1]
[7, 0, 8]

Bước 27:
[2, 6, 3]
[4, 0, 1]
[7, 5, 8]

Bước 28:
[2, 0, 3]
[4, 6, 1]
[7, 5, 8]

Bước 29:
[2, 3, 0]
[4, 6, 1]
[7, 5, 8]

Bước 30:
[2, 3, 1]
[4, 6, 0]
[7, 5, 8]

Bước 31:
[2, 3, 1]
[4, 0, 6]
[7, 5, 8]

Bước 32:
[2, 3, 1]
[4, 5, 6]
[7, 0, 8]

Bước 33:
[2, 3, 1]
[4, 5, 6]
[7, 8, 0]

Bước 34:
[2, 3, 1]
[4, 5, 0]
[7, 8, 6]

Bước 35:
[2, 3, 0]
[4, 5, 1]
[7, 8, 6]

Bước 36:
[2, 0, 3]
[4, 5, 1]
[7, 8, 6]

Bước 37:
[2, 5, 3]
[4, 0, 1]
[7, 8, 6]

Bước 38:
[2, 5, 3]
[4, 1, 0]
[7, 8, 6]

Bước 39:
[2, 5, 3]
[4, 1, 6]
[7, 8, 0]

Bước 40:
[2, 5, 3]
[4, 1, 6]
[7, 0, 8]

Bước 41:
[2, 5, 3]
[4, 1, 6]
[0, 7, 8]

Bước 42:
[2, 5, 3]
[0, 1, 6]
[4, 7, 8]

Bước 43:
[2, 5, 3]
[1, 0, 6]
[4, 7, 8]

Bước 44:
[2, 0, 3]
[1, 5, 6]
[4, 7, 8]

Bước 45:
[0, 2, 3]
[1, 5, 6]
[4, 7, 8]

Bước 46:
[1, 2, 3]
[0, 5, 6]
[4, 7, 8]

Bước 47:
[1, 2, 3]
[4, 5, 6]
[0, 7, 8]

Bước 48:
[1, 2, 3]
[4, 5, 6]
[7, 0, 8]

Bước 49:
[1, 2, 3]
[4, 5, 6]
[7, 8, 0]
